.Random.seed <-
c(403L, 604L, 1424594760L, -1694552302L, 245911194L, 1976965131L, 
-588125715L, 1300069495L, -1344997031L, 174171631L, -1394615178L, 
1643348199L, -1667332456L, -212060681L, 474720977L, 304370093L, 
1778397622L, 281035220L, -1874174765L, 548371727L, 2012394797L, 
-1656333303L, 2039090151L, -2139823912L, -208441082L, 1090535843L, 
-282780217L, 1165221473L, 12037625L, 82940846L, -1815808725L, 
-163555886L, 957197544L, 1645546980L, 1995415306L, 80092475L, 
1951205612L, -957224999L, 968209790L, -1110809028L, 1126680456L, 
2024595909L, -964926850L, -676307576L, -1005649032L, -1692504147L, 
-892248819L, -249327005L, 1556774817L, -331569484L, 1967102092L, 
-1986749360L, 1220449366L, -1071424496L, -1496018091L, 432133353L, 
280526669L, 413982620L, -1413138902L, 677182799L, -211158303L, 
703772294L, -580356294L, 69292986L, 276761746L, 446142506L, 612892187L, 
1400672675L, 878156361L, -935668525L, -55312845L, -11819383L, 
572185098L, 1764792878L, 848193937L, 235968529L, -24754714L, 
463198578L, 702322578L, 1922651417L, 1337887936L, -1789818743L, 
665150496L, 118464672L, 2045553358L, 761656437L, -1587414943L, 
834201525L, 1881171322L, 194707221L, 1930556474L, -1924647039L, 
1972780937L, 851272640L, -1772849898L, -1452764106L, -141909922L, 
282148392L, -695472154L, -1859405004L, 124503421L, -103019956L, 
1882875834L, -2045295687L, -1843993649L, 2019203287L, 894638821L, 
1977612557L, 1408944052L, -976162802L, 1068486932L, -1830630848L, 
1911395480L, -1264352940L, -2077945352L, -415151973L, -1859497433L, 
323087793L, 2007435441L, -493949825L, 320944294L, 387269014L, 
-1087942333L, -2095257735L, -429923355L, 516689369L, -602639357L, 
-479702160L, -1988895066L, -1705846836L, -1120566231L, -1527728537L, 
203141579L, -980923478L, -837478949L, 1835608576L, 1570963035L, 
2129286523L, -1777965732L, -791945609L, 728337461L, 1810362405L, 
1862512193L, 832116335L, 479736451L, 879237893L, 1126150414L, 
-1787017857L, -1433135585L, -53058692L, -1662071814L, -688920425L, 
1450997249L, -1230645373L, -1153947121L, -307433189L, -1602588028L, 
2141780866L, 1878487810L, 889032453L, -1286371288L, -1408328390L, 
-1789839210L, 295478913L, 1207269569L, 2005289476L, 506942365L, 
-103193064L, -419641970L, 1457865099L, 1397149398L, -700248696L, 
65833354L, 370152791L, -696651864L, 997162459L, -1402260269L, 
-729355265L, 553715159L, 855638152L, -1839165251L, -291464543L, 
-1226103038L, -1057809250L, -811925543L, -1588245236L, 522416613L, 
813873352L, 55875160L, -1740506535L, -1081312504L, -1317919804L, 
-268184653L, 760519707L, -197604791L, 1914598443L, 489633832L, 
-1032120105L, -308257964L, -642029118L, -930685319L, 1683830581L, 
-2047409990L, 1272602818L, -1957923426L, -324969225L, -1093888919L, 
-2110372492L, -881982980L, 1437920809L, 136472899L, -1998591757L, 
-2024668587L, 2080862763L, -1091337879L, 1471005661L, -1884151287L, 
-1328969314L, 1954240427L, 631770075L, -1137146485L, -1066539233L, 
506346788L, -311547637L, -182206678L, -1137085839L, -1551314391L, 
-1553732267L, 265712755L, -903893886L, -363231250L, 680161238L, 
-1140174129L, -2019685397L, 985261264L, -329225627L, 576406562L, 
-1388641497L, -670230964L, -2059154031L, -104317830L, -1841609307L, 
1564363269L, 1383753483L, 171950179L, 1241708425L, 169655373L, 
-1514992184L, 559112666L, 1668906263L, -1604615800L, 830365135L, 
344839576L, 1309603725L, -40615776L, -457432643L, 1768864799L, 
-798852524L, -916458963L, 1523098817L, 1284365080L, -1691758704L, 
-472726140L, 141459927L, 2086364039L, 616320009L, -229096266L, 
-1828854936L, 813361931L, -1105363738L, -343839639L, -819475511L, 
469938860L, -863693081L, 719454328L, 1837834122L, 1432705525L, 
-294898366L, 1605242982L, -781244293L, 109063865L, -1339324571L, 
527906336L, 918009953L, 1629986112L, -1793890949L, 1868559138L, 
692834220L, -1613379328L, 100565098L, -1230244819L, 2070570280L, 
2031993121L, 1303459012L, 1721249428L, -585816371L, 1698166961L, 
-637473440L, -1375268413L, -1766585009L, 2128901319L, -1281883070L, 
721101998L, 600303346L, -656051328L, 468097226L, -1304256271L, 
1633366302L, 1701936277L, -773425438L, 168788430L, -1266222552L, 
-1924053034L, 1007172121L, 1682212150L, -114382477L, -1761815328L, 
1690561321L, 892107290L, -706771495L, 1025035058L, 313787168L, 
1323231421L, 195202320L, 1434905740L, 750593240L, -1287455115L, 
721792507L, -258060271L, 2087460962L, 1720872824L, -1660638429L, 
-1244924861L, 1943449591L, 2113379989L, 1326155659L, 186232111L, 
2091005671L, -1499843277L, -1365149570L, -1473212643L, 1607378343L, 
-180377760L, -1661909214L, 1645656146L, 2000598465L, -398981286L, 
1633863535L, -1643115303L, -2062515075L, -1044326661L, 1286721004L, 
627942311L, -422514199L, 1788867818L, 1966214226L, 2093179634L, 
61709911L, 660336945L, 731794082L, -104179846L, 871036328L, 17852970L, 
-1418018704L, 255131057L, -969382424L, 810125743L, -135113821L, 
-1421654885L, -1827034465L, -908103007L, 261798718L, -862857495L, 
-354021935L, 1869207298L, 1255832578L, -1092742395L, -298457337L, 
-684748848L, -398132389L, 2069641340L, 854108253L, -2088343680L, 
-1380922290L, 1090630108L, -2106096769L, 696718850L, -1332897191L, 
-1996125587L, 1267790009L, 816609944L, 1456956716L, -1252185802L, 
-2145819398L, 724320554L, 1908222443L, -147356474L, -1190226385L, 
-1677026678L, -87507048L, -356364862L, -904704484L, 1329559748L, 
756529622L, -1219551759L, -733172382L, 1536349171L, 1085838735L, 
794364021L, -1843342996L, -877974999L, 1101185781L, -326589497L, 
330263517L, -1483049468L, -536232147L, -742238215L, -1851573966L, 
-1602532103L, 885817637L, 505651342L, -471416584L, 1684349104L, 
1297248473L, 1388817490L, 377818748L, -1545570584L, 635179916L, 
-2117898379L, -1410274118L, 1399612872L, 1343681152L, 2510897L, 
132349039L, -848248477L, 1413051562L, 1479939606L, -1671159525L, 
103764038L, 842608980L, -130086367L, 1438898807L, 86985156L, 
-1110361691L, 494445253L, -801036978L, -391720599L, -2128342232L, 
1016126765L, -978381605L, 217202941L, 1319739452L, 147328517L, 
1778594796L, 1576489267L, 176842002L, 1180159422L, 326557806L, 
990282038L, -1993244272L, -1300857096L, -320889884L, 222233226L, 
-720899902L, 1887177259L, 1028817274L, 1789438548L, -1568565193L, 
1041398662L, 118313797L, 1941175928L, 1372289226L, 1846831027L, 
-654945473L, 905861413L, 1394588764L, -246338012L, 1705287222L, 
1385639162L, -868653134L, -1313149696L, -247821199L, -1955047638L, 
-938283595L, -1176067775L, 1535012811L, -260732193L, -2005233413L, 
2058746226L, 1448133780L, -1601278320L, -2117866766L, 1558940286L, 
-2086656334L, 751881565L, -185275201L, -1495200493L, 616545348L, 
1918798870L, 1062883618L, -1391619911L, 1105268748L, 1858940896L, 
-914992535L, -1149773113L, -2082576810L, -470458499L, 494946520L, 
-196588452L, 1020209817L, -1104743241L, -1036245342L, 2083197773L, 
2059729963L, 1159403228L, 534075919L, 2092717876L, 1731421769L, 
-957098511L, -1919465900L, 693894058L, -153532367L, -73472065L, 
1277791633L, 1880699929L, -363394658L, -1564313995L, -123313948L, 
-1114643286L, 1378438326L, 1959587947L, 521772856L, 285254811L, 
-730659298L, 308765232L, -1163266589L, 1018028684L, 1608532308L, 
-994560978L, -2126841011L, -925278655L, 1758058576L, 2145201030L, 
-253423592L, -1871445764L, -284106413L, 1314811324L, 400352502L, 
-329353933L, 844440890L, -1901454837L, 1030427980L, 151896855L, 
-1610845411L, 129745133L, -1512518361L, -1864606260L, 302855937L, 
17147664L, 1008763286L, 1147650137L, 843228330L, 503145721L, 
361257569L, 365143831L, 1297427465L, -2078557946L, 113343963L, 
1511687837L, -624180631L, -1694858325L, 1804708457L, -17439342L, 
152510882L, 998685118L, -189580105L, 1229052028L, 38275500L, 
-81883001L, -632383731L, 1512094926L, 465067372L, 1287523841L, 
-1592110475L, -2010698971L, 794690376L, 1240340612L, 715729711L, 
308578377L, -51068936L, -1423969161L, 204347030L, 1900762290L, 
-1497223906L, -572067393L, -1268296930L, -1209657886L, -1853021232L, 
-2002552840L, 1307276072L, 1330418896L, -700923675L, -634643525L, 
